500
25 138 84
158 108 31
16 178 4
138 123 56
144 75 15
61 64 44
96 30 4
166 81 125
14 154 118
154 78 1
120 174 15
105 176 185
142 41 144
142 121 65
164 135 65
198 97 68
27 129 111
160 108 175
8 121 65
64 118 35
8 25 108
46 160 45
109 149 13
179 77 129
159 193 64
59 27 45
142 128 62
122 147 199
171 74 68
10 22 184
196 137 29
90 73 191
166 193 40
46 41 17
194 70 51
94 192 2
56 20 100
44 20 43
99 116 176
17 29 118
88 69 96
55 92 152
141 192 179
142 179 197
196 116 91
194 34 27
111 89 141
53 156 142
109 49 10
72 22 192
61 146 52
124 52 199
27 171 25
191 78 28
75 74 172
106 155 8
17 151 43
179 6 119
58 162 166
154 159 75
80 115 156
129 124 84
56 198 141
199 99 140
133 83 1
172 175 148
165 122 89
37 45 14
73 159 14
88 186 132
81 131 118
45 75 45
68 34 88
55 157 96
196 4 28
22 7 99
6 180 61
37 41 10
13 182 55
123 100 22
30 174 6
77 103 144
119 184 106
15 175 22
131 148 109
11 17 88
73 44 169
115 178 146
143 59 49
3 173 123
158 113 62
18 139 62
152 66 15
81 73 3
196 142 91
153 11 161
52 112 69
123 47 97
43 65 175
18 156 58
67 103 72
73 119 41
26 58 84
83 150 34
41 49 80
96 93 76
82 116 28
148 23 94
30 146 142
102 49 198
141 11 67
44 146 63
178 195 75
105 142 78
153 123 165
193 153 172
90 108 61
88 58 27
65 96 39
95 187 63
145 66 175
41 37 183
85 148 160
6 55 179
158 156 157
193 50 134
85 18 37
7 150 98
196 187 50
0 147 70
42 147 66
99 11 196
18 144 126
144 93 97
174 85 182
77 170 138
131 59 163
36 34 51
126 92 1
1 39 6
15 161 170
158 7 140
57 106 103
93 116 79
25 164 98
125 24 14
48 53 136
190 59 147
104 149 19
89 46 160
155 47 136
184 197 97
198 87 50
91 25 130
5 137 100
62 167 22
121 20 42
121 53 41
18 2 33
9 52 169
140 58 102
181 101 136
113 124 33
74 16 21
134 9 17
17 179 140
4 173 120
192 38 128
194 160 80
85 178 71
21 56 101
79 182 139
66 30 3
129 199 120
148 183 25
11 59 179
105 18 161
144 53 66
43 136 2
96 163 78
70 88 98
102 137 116
191 75 132
119 53 170
176 1 58
110 126 112
199 103 78
98 199 9
142 66 145
27 93 98
61 18 134
122 176 131
186 45 111
115 140 27
177 114 146
130 87 54
157 22 85
49 80 167
191 98 48
78 191 69
79 63 157
175 80 155
112 89 166
17 12 1
75 191 149
63 50 169
180 100 111
57 134 120
159 93 183
95 160 92
125 72 125
57 87 137
161 197 27
21 80 29
160 51 108
3 155 173
147 54 69
81 120 96
92 169 193
192 175 166
122 167 73
98 77 28
172 40 147
158 43 178
182 57 2
65 47 21
160 187 120
50 88 118
129 84 15
184 48 139
23 155 72
179 66 191
199 42 42
72 40 147
27 96 18
122 71 133
100 106 140
58 130 129
38 41 45
120 113 123
140 123 100
162 140 2
27 148 165
80 170 30
105 177 106
8 37 31
45 158 119
110 82 139
83 194 165
155 41 46
111 192 85
82 134 93
193 163 69
67 146 52
110 30 7
48 84 160
41 89 18
164 161 166
77 156 116
98 100 143
86 195 113
1 191 57
188 123 33
142 196 12
103 147 32
58 179 33
86 67 193
113 27 105
21 139 103
144 89 142
11 29 156
138 166 80
118 105 190
137 4 172
0 181 34
121 129 112
96 74 49
124 105 172
167 24 123
132 199 176
169 73 108
63 158 191
152 141 115
112 68 122
54 49 61
155 114 23
169 21 148
9 23 128
89 97 186
71 52 137
76 12 5
142 108 69
198 48 5
64 57 182
189 70 102
36 138 29
116 188 180
18 27 21
8 25 151
76 167 41
196 30 5
143 54 73
87 187 94
54 78 64
69 18 115
154 119 86
42 56 150
20 82 178
144 10 18
146 35 180
120 25 138
86 183 182
194 111 18
29 34 137
63 71 101
120 166 38
60 163 26
59 80 72
121 119 177
165 18 33
171 179 177
167 17 79
152 194 99
161 5 157
139 104 13
197 98 10
185 158 45
50 31 9
61 99 158
37 33 7
107 165 140
106 66 188
78 81 46
152 62 12
53 73 80
121 160 198
81 167 160
198 60 30
115 73 79
147 166 188
97 43 77
107 135 195
145 151 22
80 134 91
118 55 19
103 155 164
141 131 39
48 147 24
40 22 16
3 194 32
5 29 108
180 57 93
23 18 104
61 34 139
69 31 136
153 165 116
39 63 38
134 107 59
162 194 33
29 136 146
142 138 95
19 77 161
191 68 176
187 181 128
4 70 156
89 125 83
47 63 19
108 92 81
164 96 176
36 112 2
144 127 46
25 125 105
51 9 145
141 177 8
83 62 102
127 176 106
122 28 102
180 31 3
119 151 96
91 183 165
53 37 58
59 0 60
171 85 93
174 147 9
179 128 173
42 53 50
95 174 74
84 93 24
120 155 70
111 160 195
12 45 150
63 131 43
19 22 100
110 46 118
135 54 178
136 131 81
165 47 131
150 132 1
31 192 158
15 198 67
182 150 143
168 160 66
8 9 46
116 6 139
157 77 142
41 49 118
191 177 112
105 197 177
132 147 60
129 108 91
15 124 183
74 123 82
133 129 100
6 160 167
36 2 94
10 32 3
156 42 110
16 87 38
187 17 151
64 66 156
129 140 114
31 170 107
32 137 3
118 149 126
46 85 138
90 86 84
106 164 172
138 146 98
148 112 6
67 94 17
121 126 52
38 37 1
121 181 187
68 73 156
78 1 130
194 52 101
85 188 155
164 155 35
155 98 83
50 73 16
85 185 183
171 56 23
70 90 64
23 198 23
139 67 185
118 140 176
76 171 131
65 164 48
59 143 175
56 88 86
102 92 94
198 63 61
101 55 36
146 199 148
7 50 54
27 51 56
25 70 129
37 77 159
148 85 0
18 199 104
157 187 172
37 181 193
178 56 189
6 159 42
154 189 28
193 139 108
20 54 80
173 188 144
24 95 15
162 62 199
71 180 71
100 101 135
144 142 154
41 129 78
25 112 175
56 33 158
140 92 12
61 66 164
113 188 72
100 165 32
198 163 127
106 147 88
112 195 77
36 87 27
38 143 81
54 196 167
154 143 175
95 83 3
11 146 69
24 179 132
57 35 124
33 135 187
174 132 163
95 99 94
65 8 168
184 79 117
12 38 32
192 199 36
116 56 124
189 132 137
